1 1 -10.0 -10.0 -60.0
1 2 -9.75 -9.5 -60.0
1 3 -9.5 -9.0 -60.0
1 4 -9.25 -8.5 -60.0
1 5 -9.0 -8.0 -60.0
1 6 -8.75 -7.5 -60.0
1 7 -8.5 -7.0 -67.8736
1 8 -8.25 -6.5 -88.8733
1 9 -8.0 -6.0 -98.057
1 10 -7.75 -5.5 -99.5082
1 11 -7.5 -5.0 -98.057
1 12 -7.25 -4.5 -88.8733
1 13 -7.0 -4.0 -67.8736
1 14 -6.75 -3.5 -60.0
1 15 -6.5 -3.0 -60.0
1 16 -6.25 -2.5 -60.0
1 17 -6.0 -2.0 -60.0
1 18 -5.75 -1.5 -52.5
1 19 -5.5 -1.0 -45.0
1 20 -5.25 -0.5 -37.5
1 21 -5.0 0.0 -30.0
1 22 -4.75 0.5 -22.5
1 23 -4.5 1.0 -15.0
1 24 -4.25 1.5 -7.5
1 25 -4.0 2.0 0.0
1 26 -3.75 2.5 7.5
1 27 -3.5 3.0 15.0
1 28 -3.25 3.5 22.5
1 29 -3.0 4.0 30.0
1 30 -2.75 4.5 36.6943
1 31 -2.5 5.0 42.164
1 32 -2.25 5.5 50.851
1 33 -2.0 6.0 60.5444
1 34 -1.75 6.5 71.3904
1 35 -1.5 7.0 83.4887
1 36 -1.25 7.5 60.348
1 37 -1.0 8.0 62.9584
1 38 -0.75 8.5 65.3596
1 39 -0.5 9.0 67.5829
1 40 -0.25 9.5 69.6527
1 41 0.0 10.0 71.5888
2 1 -10.0 -10.0 -60.0
2 2 -9.75 -9.763 -60.0
2 3 -9.5 -9.526 -60.0
2 4 -9.25 -9.289 -60.0
2 5 -9.0 -9.052 -60.0
2 6 -8.75 -8.815 -60.0
2 7 -8.5 -8.578 -60.0
2 8 -8.25 -8.341 -60.0
2 9 -8.0 -8.104 -60.0
2 10 -7.75 -7.867 -60.0
2 11 -7.5 -7.63 -60.0
2 12 -7.25 -7.393 -60.0
2 13 -7.0 -7.156 -60.0
2 14 -6.75 -6.919 -60.0
2 15 -6.5 -6.682 -60.0
2 16 -6.25 -6.445 -60.0
2 17 -6.0 -6.208 -60.0
2 18 -5.75 -5.971 -52.5
2 19 -5.5 -5.734 -45.0
2 20 -5.25 -5.497 -37.5
2 21 -5.0 -5.26 -30.0
2 22 -4.75 -5.023 -22.5
2 23 -4.5 -4.786 -15.0
2 24 -4.25 -4.549 -7.5
2 25 -4.0 -4.312 0.0
2 26 -3.75 -4.075 7.5
2 27 -3.5 -3.838 15.0
2 28 -3.25 -3.601 22.5
2 29 -3.0 -3.364 30.0
2 30 -2.75 -3.127 36.6943
2 31 -2.5 -2.89 42.164
2 32 -2.25 -2.653 46.7885
2 33 -2.0 -2.416 50.7944
2 34 -1.75 -2.179 54.3279
2 35 -1.5 -1.942 57.4887
2 36 -1.25 -1.705 60.348
2 37 -1.0 -1.468 62.9584
2 38 -0.75 -1.231 65.3596
2 39 -0.5 -0.994 67.5829
2 40 -0.25 -0.757 69.6527
2 41 0.0 -0.52 71.5888
3 1 -10.0 10.0 -60.0
3 2 -9.75 9.619 -60.0
3 3 -9.5 9.238 -60.0
3 4 -9.25 8.857 -60.0
3 5 -9.0 8.476 -60.0
3 6 -8.75 8.095 -60.0
3 7 -8.5 7.714 -60.0
3 8 -8.25 7.333 -56.3767
3 9 -8.0 6.952 -42.4473
3 10 -7.75 6.571 -32.9025
3 11 -7.5 6.19 -30.4646
3 12 -7.25 5.809 -34.4745
3 13 -7.0 5.428 -45.6883
3 14 -6.75 5.047 -58.6979
3 15 -6.5 4.666 -60.0
3 16 -6.25 4.285 -60.0
3 17 -6.0 3.904 -60.0
3 18 -5.75 3.523 -52.5
3 19 -5.5 3.142 -45.0
3 20 -5.25 2.761 -37.5
3 21 -5.0 2.38 -30.0
3 22 -4.75 1.999 -22.5
3 23 -4.5 1.618 -15.0
3 24 -4.25 1.237 -7.5
3 25 -4.0 0.856 0.0
3 26 -3.75 0.475 7.5
3 27 -3.5 0.094 15.0
3 28 -3.25 -0.287 22.5
3 29 -3.0 -0.668 30.0
3 30 -2.75 -1.049 36.6943
3 31 -2.5 -1.43 42.164
3 32 -2.25 -1.811 46.7885
3 33 -2.0 -2.192 50.7944
3 34 -1.75 -2.573 54.3279
3 35 -1.5 -2.954 57.4887
3 36 -1.25 -3.335 60.348
3 37 -1.0 -3.716 62.9584
3 38 -0.75 -4.097 65.3596
3 39 -0.5 -4.478 67.5829
3 40 -0.25 -4.859 69.6527
3 41 0.0 -5.24 71.5888
4 1 -10.0 -10.0 -60.0
4 2 -9.8625 -9.682 -60.0
4 3 -9.725 -9.364 -60.0
4 4 -9.5875 -9.046 -60.0
4 5 -9.45 -8.728 -60.0
4 6 -9.3125 -8.41 -60.0
4 7 -9.175 -8.092 -60.0
4 8 -9.0375 -7.774 -60.0
4 9 -8.9 -7.456 -60.0
4 10 -8.7625 -7.138 -60.0584
4 11 -8.625 -6.82 -68.7761
4 12 -8.4875 -6.502 -82.9023
4 13 -8.35 -6.184 -93.337
4 14 -8.2125 -5.866 -98.3137
4 15 -8.075 -5.548 -99.7945
4 16 -7.9375 -5.23 -99.9907
4 17 -7.8 -4.912 -99.9444
4 18 -7.6625 -4.594 -99.2444
4 19 -7.525 -4.276 -96.1124
4 20 -7.3875 -3.958 -88.1788
4 21 -7.25 -3.64 -75.0277
4 22 -7.1125 -3.322 -62.3524
4 23 -6.975 -3.004 -60.0
4 24 -6.8375 -2.686 -60.0
4 25 -6.7 -2.368 -60.0
4 26 -6.5625 -2.05 -60.0
4 27 -6.425 -1.732 -60.0
4 28 -6.2875 -1.414 -60.0
4 29 -6.15 -1.096 -60.0
4 30 -6.0125 -0.778 -60.0
4 31 -5.875 -0.46 -56.25
4 32 -5.7375 -0.142 -52.125
4 33 -5.6 0.176 -48.0
4 34 -5.4625 0.494 -43.875
4 35 -5.325 0.812 -39.75
4 36 -5.1875 1.13 -35.625
4 37 -5.05 1.448 -31.5
4 38 -4.9125 1.766 -27.375
4 39 -4.775 2.084 -23.25
4 40 -4.6375 2.402 -19.125
4 41 -4.5 2.72 -15.0
5 1 -10.0 -7.28 -60.0
5 2 -9.75 -7.031 -60.0
5 3 -9.5 -6.782 -60.0
5 4 -9.25 -6.533 -60.0
5 5 -9.0 -6.284 -63.8522
5 6 -8.75 -6.035 -81.8911
5 7 -8.5 -5.786 -95.049
5 8 -8.25 -5.537 -99.4302
5 9 -8.0 -5.288 -99.9864
5 10 -7.75 -5.039 -99.8752
5 11 -7.5 -4.79 -97.885
5 12 -7.25 -4.541 -89.1852
5 13 -7.0 -4.292 -71.6668
5 14 -6.75 -4.043 -60.0
5 15 -6.5 -3.794 -60.0
5 16 -6.25 -3.545 -60.0
5 17 -6.0 -3.296 -60.0
5 18 -5.75 -3.047 -52.5
5 19 -5.5 -2.798 -45.0
5 20 -5.25 -2.549 -37.5
5 21 -5.0 -2.3 -30.0
5 22 -4.75 -2.051 -22.5
5 23 -4.5 -1.802 -15.0
5 24 -4.25 -1.553 -7.5
5 25 -4.0 -1.304 0.0
5 26 -3.75 -1.055 7.5
5 27 -3.5 -0.806 15.0
5 28 -3.25 -0.557 22.5
5 29 -3.0 -0.308 30.0
5 30 -2.75 -0.059 36.6943
5 31 -2.5 0.19 42.164
5 32 -2.25 0.439 46.7885
5 33 -2.0 0.688 50.7944
5 34 -1.75 0.937 54.3279
5 35 -1.5 1.186 57.4887
5 36 -1.25 1.435 60.348
5 37 -1.0 1.684 62.9584
5 38 -0.75 1.933 65.3596
5 39 -0.5 2.182 67.5829
5 40 -0.25 2.431 69.6527
5 41 0.0 2.68 71.5888
