0.899578
0.315846
0.542832
0.0569691
0.655688
0.567255
0.17205
0.834294
0.491962
0.36955
0.81952
0.155094
0.956948
0.311646
0.790215
0.750632
0.771832
0.612004
0.839331
0.641145
0.903191
0.322247
0.795828
0.0621068
0.89356
0.507334
0.00627168
0.679566
0.0748135
0.527298
0.223999
0.219539
0.289352
0.545547
0.568587
0.636463
0.74411
0.388727
0.18064
0.945721
0.62237
0.88315
0.196886
0.845223
0.0783921
0.79278
0.670587
0.251046
0.239857
0.483783
0.0622643
0.872147
0.843118
0.440644
0.925729
0.949127
0.126266
0.758838
0.414433
0.282068
0.605013
0.739072
0.233129
0.672425
0.35638
0.708086
0.659841
0.903983
0.4352
0.191011
0.263151
0.387875
0.0484386
0.560301
0.939798
0.59667
0.112319
0.28622
0.897586
0.412509
0.817265
0.913889
0.208606
0.51432
0.825655
0.891903
0.557774
0.929081
0.727388
0.377506
0.811677
0.872157
0.378263
0.143329
0.0327325
0.00169282
0.746169
0.71069
0.563663
0.212068
0.890092
0.834458
0.807279
0.09142
0.696927
0.46448
0.326578
0.168223
0.00111165
0.308568
0.890156
0.0719348
0.712063
0.122048
0.0879263
0.732702
0.574435
0.848877
0.142158
0.745132
0.186183
0.739315
0.538823
0.0211221
0.899445
0.569169
0.104256
0.856755
0.229228
0.0855853
0.152124
0.538258
0.394918
0.804421
0.325718
0.612019
0.619594
0.284164
0.760546
0.943672
0.812153
0.00142523
0.192243
0.691238
0.257259
0.952987
0.634796
0.317334
0.938091
0.109416
0.254077
0.765446
0.11691
0.845242
0.0616928
0.925252
0.798442
0.470694
0.0541431
0.512027
0.701064
0.989999
0.422295
0.485092
0.360812
0.21125
0.456165
0.130338
0.993196
0.332829
0.770022
0.931805
0.737827
0.131393
0.472792
0.357331
0.910862
0.876432
0.908785
0.683255
0.890255
0.0963732
0.593726
0.983185
0.258826
0.321264
0.971105
0.405836
0.830137
0.927006
0.613841
0.866922
0.182185
0.206158
0.496245
0.280108
0.323906
0.790298
0.961314
0.452039
0.11949
0.548951
0.00832658
0.766413
0.0955144
0.0900741
0.525749
0.78213
0.255878
0.98711
0.0944637
0.870502
0.529561
0.857599
0.986299
0.0165139
0.476189
0.418356
0.982882
0.909164
0.874413
0.642206
0.639793
0.445854
0.818098
0.141287
0.621045
0.775846
0.945332
0.901916
0.728861
0.00778681
0.425236
0.496007
0.25378
0.706283
0.327599
0.894069
0.270059
0.302549
0.000315968
0.00474802
0.501403
0.544115
0.0796412
0.0659464
0.381993
0.108597
0.758257
0.0124956
0.937842
0.506524
0.936153
0.945395
0.113446
0.398237
0.879313
0.827615
0.168765
0.449845
0.011224
0.531455
0.771501
0.853246
0.462191
0.362474
0.409702
0.635204
0.00146457
0.184979
0.749667
0.8805
0.977183
0.274072
0.564172
0.994134
0.889128
0.0192655
0.856003
0.127598
0.219288
0.604659
0.801806
0.894205
0.145239
0.790677
0.141245
0.498485
0.761335
0.922367
0.636476
0.404644
0.432715
0.289267
0.22693
0.66908
0.907112
0.961829
0.504414
0.0619669
0.809493
0.229407
0.133518
0.102899
0.144488
0.764808
0.842342
0.135598
0.431655
0.640408
0.608524
0.566681
0.0985395
0.320823
0.665595
0.393496
0.756555
0.757151
0.954635
0.146013
0.984674
0.707769
0.646247
0.367782
0.245936
0.410703
0.357842
0.760953
0.561758
0.732547
0.691235
0.120359
0.569066
0.918953
0.715558
0.181659
0.585238
0.0716842
0.0204827
0.508545
0.305855
0.477227
0.964751
0.54401
0.760269
0.911965
0.745029
0.950687
0.149982
0.0489193
0.910062
0.365234
0.194837
0.0910498
0.94515
0.691797
0.612022
0.756116
0.551933
0.0595296
0.352886
0.738105
0.248486
0.569171
0.222569
0.770219
0.914733
0.953695
0.507441
0.414426
0.908165
0.278014
0.23536
0.702572
0.37488
0.80275
0.693735
0.75406
0.380928
0.137067
0.830405
0.495084
0.48897
0.805563
0.162332
0.604434
0.405254
0.35423
0.817105
0.810857
0.321898
0.120473
0.332254
0.666981
0.579488
0.792191
0.837382
0.924808
0.274986
0.88092
0.244105
0.63776
0.439959
0.234045
0.0688037
0.114296
0.414106
0.711064
0.513195
0.848085
0.0391122
0.148924
0.427705
0.549746
0.297805
0.741413
0.782666
0.405149
0.0236305
0.957619
0.272317
0.685276
0.305434
0.124448
0.67662
0.83265
0.21256
0.798208
0.60589
0.149319
0.465265
0.0502488
0.253237
0.211412
0.675435
0.791676
0.779818
0.135249
0.782624
0.262116
0.957906
0.820017
0.310402
0.807547
0.696766
0.292008
0.0680132
0.0721986
0.0763484
0.275421
0.922349
0.729503
0.513792
0.114727
0.265234
0.877119
0.687742
0.173589
0.801023
0.221011
0.845475
0.835356
0.279513
0.173595
0.117846
0.230111
0.799163
0.990948
0.467037
0.813285
0.30563
0.0740705
0.892127
0.920832
0.910619
0.559227
0.51747
0.42597
0.656039
0.322334
0.188886
0.622477
0.348479
0.522421
0.202662
0.45956
0.0889939
0.809148
0.792377
0.253275
0.123197
0.319389
0.998519
0.999519
0.636677
0.587873
0.545938
0.413581
0.120713
0.496898
0.354092
0.821253
0.933319
0.390092
0.305116
0.0265074
0.680581
0.475251
0.894701
0.280734
0.043327
0.641233
0.390786
0.478544
0.674093
0.813913
0.125061
0.705127
0.78941
0.976202
0.542283
0.260184
0.0824034
0.977131
0.632406
0.28341
0.580701
0.254997
0.370523
0.10655
0.074657
0.599565
0.789617
0.457006
0.740886
0.0783431
0.311129
0.638019
0.58611
0.251909
0.95834
0.810403
0.336324
0.80331
0.0775571
0.500847
0.396259
0.706517
0.19212
0.461779
0.504177
0.0589425
0.614218
0.00779237
0.706961
0.703027
0.439519
0.953631
0.280531
0.761881
0.549608
0.278744
0.220564
0.21399
0.247244
0.643396
0.928526
0.631989
0.149426
0.881344
0.718027
0.21049
0.963272
0.594077
0.766474
0.207979
0.769707
0.971613
0.137049
0.927772
0.439973
0.964869
0.49599
0.363035
0.809941
0.934577
0.150191
0.630866
0.23724
0.901783
0.0301131
0.320438
0.1662
0.52489
0.243004
0.880211
0.325606
0.928273
0.821435
0.169194
0.184264
0.507458
0.29215
0.297283
0.289377
0.835858
0.690223
0.879654
0.112744
0.79807
0.643532
0.830218
0.0297529
0.0747469
0.152544
0.819143
0.056208
0.104015
0.690414
0.519436
0.967951
0.644468
0.248391
0.767584
0.428308
0.0647139
0.951548
0.763267
0.748336
0.48449
0.869809
0.433122
0.9049
0.892339
0.649302
0.0835773
0.441541
0.364847
0.589017
0.467749
0.877174
0.512443
0.787779
0.391393
0.247592
0.276765
0.986536
0.982931
0.404778
0.204583
0.730949
0.752526
0.699037
0.323287
0.479311
0.565231
0.668939
0.742943
0.280766
0.653197
0.364067
0.109898
0.648842
0.791936
0.925593
0.0369624
0.255301
0.765661
0.0496443
0.635146
0.0692999
0.246678
0.958507
0.27196
0.566861
0.213837
0.504623
0.681275
0.635659
0.0350627
0.0324077
0.549756
0.800117
0.338926
0.622879
0.704843
0.391819
0.800295
0.346101
0.0293031
0.290229
0.96504
0.146432
0.227348
0.85873
0.238801
0.985599
0.567305
0.700969
0.164825
0.868571
0.725858
0.862518
0.115854
0.37725
0.858846
0.102847
0.525089
0.33698
0.0236287
0.86261
0.781202
0.240856
0.0780122
0.551239
0.912425
0.056861
0.180735
0.779859
0.184689
0.0428014
0.0185214
0.164506
0.738835
0.194063
0.884692
0.324668
0.391881
0.949178
0.734344
0.702125
0.727356
0.778203
0.341082
0.825116
0.599694
0.278911
0.680328
0.642808
0.177688
0.405794
0.664177
0.555084
0.652014
0.45688
0.352827
0.762635
0.731811
0.443365
0.767567
0.562376
0.0553268
0.467049
0.430324
0.213169
0.639621
0.730594
0.754782
0.996851
0.49434
0.805587
0.414054
0.0995898
0.524545
0.783425
0.809921
0.93854
0.847609
0.933997
0.768633
0.558815
0.649172
0.497198
0.588272
0.725775
0.703161
0.232238
0.562678
0.337624
0.680875
0.349774
0.106939
0.783317
0.374123
0.451851
0.609438
0.870787
0.957438
0.104656
0.13547
0.950475
0.414342
0.669084
0.107414
0.859184
0.25268
0.0141174
0.0864768
0.309234
0.634015
0.738017
0.780987
0.347937
0.0420809
0.522327
0.406264
0.512381
0.615309
0.243688
0.521041
0.304528
0.268404
0.468471
0.465453
0.611627
0.727992
0.955215
0.52559
0.69693
0.607324
0.789883
0.949606
0.385735
0.645051
0.778926
0.9404
0.0717279
0.233051
0.725164
0.74985
0.168645
0.358325
0.211478
0.999618
0.632245
0.0839539
0.517311
0.353507
0.177594
0.694121
0.292987
0.666393
0.816667
0.628188
0.616839
0.734711
0.34125
0.328846
0.0601499
0.773506
0.37617
0.129319
0.384908
0.745042
0.627827
0.304632
0.499371
0.663987
0.953042
0.411946
0.296448
0.00414335
0.873217
0.0449529
0.999888
0.331751
0.158809
0.12733
0.643285
0.29035
0.109112
0.870261
0.306893
0.0622106
0.152361
0.519016
0.73726
0.431315
0.391132
0.0136019
0.974662
0.572912
0.718076
0.688461
0.613363
0.694631
0.126945
0.136247
0.319678
0.654154
0.843945
0.360655
0.232853
0.678457
0.904395
0.343314
0.873755
0.309612
0.799699
0.149748
0.18638
0.702146
0.81963
0.699393
0.337165
0.39697
0.71493
0.324678
0.897118
0.696865
0.305219
0.244172
0.0317606
0.768536
0.657218
0.0747897
0.323882
0.596222
0.458285
0.508062
0.854104
0.911875
0.21026
0.275466
0.164259
0.226894
0.868626
0.527821
0.728586
0.09043
0.551986
0.753747
0.55773
0.699247
0.946841
0.109112
0.870261
0.306893
0.0622106
0.152361
0.519016
0.73726
0.431315
0.391132
0.0136019
0.974662
0.572912
0.718076
0.688461
0.613363
0.694631
0.126945
0.136247
0.319678
0.654154
0.843945
0.360655
0.232853
0.678457
0.904395
0.343314
0.873755
0.309612
0.799699
0.149748
0.18638
0.702146
0.81963
0.699393
0.337165
0.39697
0.71493
0.324678
0.897118
0.696865
0.305219
0.244172
0.0317606
0.768536
0.657218
0.0747897
0.323882
0.596222
0.458285
0.508062
0.854104
0.911875
0.21026
0.275466
0.164259
0.226894
0.868626
0.527821
0.728586
0.09043
0.551986
0.753747
0.55773
0.699247
0.946841
0.330182
0.855459
0.956899
0.726915
0.872019
0.437963
0.407241
0.560559
0.30698
0.277167
0.855236
0.10747
0.371372
0.053961
0.118362
0.830104
0.866676
0.951216
0.324535
0.510295
0.40778
0.581025
0.322042
0.44489
0.194759
0.00596285
0.450852
2.35871e-05
0.490097
0.648898
0.418915
0.293468
0.728555
0.303904
0.133802
0.78952
0.665012
0.151054
0.0185677
0.166867
0.66429
0.149856
0.974686
0.747929
0.315411
0.362181
0.845552
0.21064
0.45643
0.278834
0.736757
0.988862
0.0326941
0.35889
0.58489
0.27638
0.704098
0.469945
0.762221
0.550409
0.229673
0.017003
0.881636
0.984148
0.00403217
0.62713
0.497355
0.689452
0.470252
0.703825
0.842875
0.626212
0.281275
0.962523
0.349031
0.340656
0.647025
0.53774
0.857401
0.278769
0.44355
0.241645
0.719211
0.201365
0.913552
0.253168
0.698212
0.672091
0.977669
0.366535
0.960505
0.654382
0.759672
0.204909
0.530746
0.709146
0.676905
0.67315
0.550342
0.41324
0.048631
0.703344
0.526786
0.102324
0.680889
0.299084
0.758975
0.721167
0.156612
0.872669
0.554978
0.246435
0.699353
0.263648
0.571823
0.297964
0.294665
0.26732
0.534125
0.752455
0.0363832
0.0320567
0.984772
0.66655
0.0329556
0.242715
0.653568
0.147343
0.121027
0.547158
0.517637
0.923334
0.162136
0.694868
0.0725904
0.769958
0.887542
0.690494
0.675365
0.452561
0.614163
0.635595
0.455622
0.877498
0.930605
0.472286
0.567752
0.490598
0.0157666
0.396518
0.512845
0.0805981
0.226699
0.197882
0.262788
0.497889
0.00157537
0.00534562
0.392493
0.751542
0.258097
0.00894711
0.861311
0.675137
0.118898
0.510896
0.253443
0.489789
0.797115
0.334246
0.588175
0.997991
0.0547256
0.612327
0.336327
0.983761
0.282737
0.921342
0.627637
0.322932
0.991509
0.793152
0.767088
0.883925
0.264873
0.841906
0.737878
0.207864
0.227702
0.554656
0.356271
0.815599
0.794675
0.921638
0.917737
0.81257
0.959042
0.396349
0.361131
0.154406
0.642805
0.542233
0.911336
0.0631284
0.661147
0.288794
0.439021
0.0537769
0.902926
0.559977
0.0679137
0.517363
0.464858
0.990979
0.190662
0.191749
0.0831333
0.0590386
0.427994
0.105867
0.0304944
0.148969
0.630759
0.25421
0.852342
0.809987
0.838179
0.832994
0.587
0.412126
0.317531
0.450323
0.777932
0.857516
0.842955
0.941013
0.559573
0.252708
0.427534
0.769858
0.133469
0.491244
0.935916
0.205593
0.646505
0.43807
0.0766174
0.295521
0.539503
0.178336
0.501231
0.952617
0.724472
0.931624
0.82499
0.112691
0.961178
0.330441
0.97795
0.631835
0.0848438
0.543412
0.0693147
0.41029
0.755868
0.881551
0.471774
0.814838
0.192091
0.972823
0.155565
0.918747
0.00864572
0.448247
0.629415
0.604942
0.403987
0.798728
0.0773485
0.744142
0.712882
0.479006
0.932258
0.706883
0.592904
0.672562
0.359442
0.472523
0.129294
0.54554
0.807487
0.342435
0.738981
0.21454
0.771441
0.59485
0.935106
0.0657628
0.0970487
0.646288
0.783292
0.195785
0.0167685
0.443312
0.622722
0.310812
0.0361026
0.883257
0.571213
0.0816779
0.761073
0.113815
0.8001
0.986621
0.428682
0.91998
0.417741
0.617814
0.134327
0.568174
0.064251
0.937734
0.462256
0.526009
0.635824
0.495942
0.116933
0.0471734
0.92423
0.877127
0.832571
0.127708
0.27155
0.357049
0.321181
0.789749
0.553597
0.565349
0.998824
0.152697
0.156509
0.808264
0.727028
0.494892
0.294472
0.435735
0.660537
0.091022
0.902656
0.864832
0.351568
0.649458
0.231573
0.70434
0.014329
0.353878
0.103635
0.266292
0.480151
0.876446
0.966416
0.969092
0.303296
0.671787
0.0268258
0.63591
0.626445
0.621767
0.616677
0.931638
0.805134
0.718303
0.0263815
0.183422
0.466443
0.214294
0.214565
0.707748
0.50659
0.678472
0.624961
0.93215
0.595625
0.814283
0.588551
0.66737
0.343775
0.72166
0.154836
0.930507
0.461864
0.611153
0.287541
0.895142
0.487039
0.173811
0.285433
0.0163758
0.626804
0.954606
0.0314297
0.746079
0.291782
0.851891
0.654834
0.846261
0.227554
0.171099
0.0057028
0.5816
0.291455
0.3514
0.449838
0.0179406
0.605803
0.309754
0.767896
0.183333
0.944097
0.35431
0.056314
0.184892
0.0732699
0.950861
0.87164
0.065235
0.914477
0.924152
0.242102
0.817513
0.374435
0.733264
0.711775
0.360561
0.239191
0.0202962
0.634201
0.471694
0.150497
0.853699
0.743982
0.269716
0.894871
0.954549
0.652074
0.684721
0.172107
0.484758
0.412475
0.681892
0.87306
0.348106
0.091652
0.772177
0.115635
0.53662
0.726214
0.446249
0.407668
0.71938
0.554117
0.338816
0.45775
0.09012
0.666127
0.382023
0.578788
0.441739
0.374676
0.858674
0.847007
0.259859
0.301675
0.879092
0.773766
0.356003
0.0483883
0.712131
0.943837
0.514437
0.760074
0.328188
0.39957
0.163039
0.180449
0.927838
0.906508
0.31998
0.0437867
0.656967
0.588858
0.420565
0.622164
0.450353
0.826976
0.978387
0.694328
0.0120409
0.949395
0.830032
0.106268
0.826063
0.302556
0.821779
0.63582
0.640045
0.871517
0.181149
0.550775
0.259466
0.734581
0.929433
0.571431
0.742801
0.92929
0.0514596
0.26593
0.616132
0.580953
0.991189
0.510314
0.781528
0.57137
0.953269
0.719806
0.136313
0.475749
0.723153
0.127621
0.0170558
0.76076
0.582351
0.974273
0.336485
0.585939
0.380436
0.802024
0.218012
0.82298
0.863911
0.94547
0.596999
0.970055
0.126346
0.00478615
0.410289
0.7461
0.17071
0.35538
0.567402
0.988996
0.432906
0.30443
0.407566
0.321889
0.440493
0.25717
0.787015
0.512078
0.963669
0.00698019
0.482979
0.04104
0.288024
0.606346
0.417745
0.671195
0.0410886
0.459574
0.775974
0.415481
0.755456
0.801108
0.180285
0.802927
0.197628
0.677977
0.694079
0.682939
0.108578
0.429634
0.660151
0.817459
0.234571
0.711722
0.10386
0.656214
0.369313
0.393207
0.277096
0.689992
0.469993
0.793252
0.224404
0.874504
0.0897302
0.913618
0.0832825
0.112447
0.483311
0.967012
0.760388
0.637222
0.589095
0.367477
0.340143
0.935743
0.684641
0.754061
0.128015
0.747145
0.26069
0.329402
0.414233
0.560567
0.595635
0.31384
0.223479
0.898873
0.301063
0.171175
0.140564
0.21504
0.133951
0.693968
0.743609
0.41617
0.547004
0.537078
0.545704
0.259261
0.155826
0.452785
0.527486
0.764978
0.300381
0.489349
0.472403
0.247009
0.733863
0.266458
0.421457
0.281401
0.871556
0.961284
0.784827
0.199274
0.508064
0.163416
0.347654
0.973043
0.494542
0.864417
0.809379
0.159864
0.714897
0.906836
0.174968
0.676974
0.473861
0.84792
0.624707
0.666276
0.0403589
0.598404
0.0456144
0.580023
0.469097
0.341897
0.948882
0.139105
0.801292
0.467347
0.93775
0.431327
0.144199
0.4477
0.780106
0.940448
0.24934
0.817906
0.237163
0.687572
0.526257
0.637503
0.151305
0.800118
0.250922
0.0286818
0.334082
0.39958
0.982097
0.141291
0.0612114
0.468298
0.254152
0.477221
0.772467
0.894957
0.726506
0.615196
0.476751
0.446123
0.239535
0.620658
0.580605
0.20744
0.541054
0.9253
0.813657
0.791375
0.370761
0.18874
0.543304
0.963004
0.772636
0.339627
0.195599
0.283432
0.114559
0.745243
0.339634
0.510433
0.344429
0.831369
0.874778
0.389686
0.0472962
0.927163
0.318996
0.483151
0.0241908
0.680808
0.103692
0.928111
0.250282
0.709405
0.687842
0.364332
0.175285
0.329654
0.499785
0.0525484
0.668184
0.0614011
0.839189
0.917149
0.748156
0.248766
0.661989
0.366656
0.837045
0.673846
0.131811
0.892753
0.0491289
0.490507
0.108778
0.267441
0.354218
0.291814
0.244968
0.471595
0.255802
0.985493
0.113392
0.668591
0.0306509
0.0405516
0.75196
0.433598
0.343129
0.735126
0.682147
0.591033
0.606005
0.652824
0.553926
0.244964
0.467963
0.712031
0.823764
0.199269
0.0402234
0.320749
0.334856
0.999533
0.846075
0.658319
0.972801
0.130257
0.84256
0.775929
0.179192
0.674267
0.163277
0.607548
0.464159
0.736317
0.371769
0.180094
0.0756252
0.663588
0.036081
0.766131
0.293505
0.970814
0.383395
0.169348
0.222438
0.641855
0.611022
0.19063
0.0352225
0.354337
0.493557
0.571844
0.443857
0.425352
0.000441321
0.611825
0.658684
0.0462464
0.509914
0.158729
0.797087
0.831396
0.32755
0.902842
0.534131
0.0987406
0.382505
0.61993
0.438856
0.129648
0.885667
0.372508
0.512433
0.962006
0.367777
0.315007
0.648241
0.618332
0.600542
0.864499
0.127969
0.265662
0.588516
0.884997
0.307906
0.997894
0.676326
0.580538
0.699594
0.149733
0.962737
0.232326
0.0265257
0.855996
0.173889
0.997677
0.705196
0.343606
0.785692
0.397889
0.282375
0.334143
0.0204317
0.507752
0.626266
0.74643
0.368787
0.465735
0.523716
0.302913
0.717921
0.257108
0.894389
0.51032
0.183703
0.374666
0.720386
0.610877
0.0835025
0.652031
0.922735
0.373051
0.576399
0.138873
0.149598
0.247062
0.91815
0.356526
0.839174
0.271127
0.301946
0.854767
0.0418095
0.721251
0.109929
0.604254
0.296915
0.686429
0.309603
0.48907
0.129967
0.21562
0.891649
0.503962
0.090692
0.505845
0.187576
0.0885273
0.979196
0.657045
0.663983
0.172711
0.903932
0.114013
0.174838
0.0205787
0.527385
0.0830585
0.563229
0.161975
0.3069
0.206673
0.702122
0.330074
0.378957
0.762035
0.754249
0.573537
0.568756
0.0359033
0.842074
0.557765
0.753236
0.424226
0.0047973
0.249493
0.913342
0.345347
0.127298
0.320591
0.65967
0.142524
0.350462
0.82224
0.338584
0.516664
0.865145
0.663723
0.906374
0.551261
0.583842
0.246889
0.479013
0.53832
0.214938
0.505814
0.252785
0.985198
0.551617
0.573804
0.490763
0.0587678
0.438515
0.0735933
0.900164
0.773075
0.820508
0.0537521
0.655808
0.545945
0.325093
0.0105039
0.788652
0.586642
0.678331
0.324493
0.12308
0.240849
0.230851
0.31923
0.676288
0.670936
0.230948
0.0176232
0.765833
0.414964
0.891508
0.494956
0.776828
0.669345
0.733074
0.388719
0.731448
0.644992
0.0156316
